01271010224
81100216357
09283458789
0394832834
02938172930
01271010224
92852074410
01923844859

8475
039485990293
90090515836
81100216357
58051563872
93012215591
70021127288
77090623767
00291568395
abcdefghijk
64050654992
81101036785
84070685312
04250272327
46030713815
64022332219
92030688927
91022883674
50080389564
79022247382
93021324875
82080448231
76011261138
51083117585
99122626315
95102424944
04290899425
01321585292
63060177242
53051946445
93071327712
71050618558
90090272953
87122591663
87091484616
66121858641
87080746655
57013081212
81072359467
05252216564
48032541551
62031015121
94022514742
46073151555
93120466184
82030324888
79040973632
86110184645
74060328743
03220915574
75101828741
73061312357
96110683389
94031373846
03222419359
95122292965
98080663497
99051588371
04220359445
79041316733
xd
52071115871
94031746749
94112488759
59031475196
62040186924
66110159322
88042554677
52040469848
68122797822
51070437881
65110285761
49081113191
66013029429
47031131141
05282369951
82081153817
71042859224
85121382114
63070673541
abcd
58121331297
99080847632
75022563936
88042614399
83040445224
81030184694
02262697277
68052737923
69042469363
75100739442
81042517532
67040618321
50122222185
00000000000
11111111111
22222222222
33333333333
44444444444
55555555555
66666666666
77777777777777
88888888888
99999999999
78040736656
79011249254
78110478642
65092637165
83053066252
8103034567
98062976964
95052828399
80021498891
60040893837
48080574321
50061848198